[gd_scene load_steps=36 format=3 uid="uid://conkab1hyq7r8"]

[ext_resource type="PackedScene" uid="uid://bsqx6fi8oksal" path="res://assets/models/akari/akari.gltf" id="1_mq66y"]
[ext_resource type="PackedScene" uid="uid://cvx3dg4wfu3o4" path="res://actors/long_hair.tscn" id="2_j4jdq"]
[ext_resource type="Script" path="res://actors/ragdoll.gd" id="2_tymfe"]
[ext_resource type="Texture2D" uid="uid://dm1vjmabeln7i" path="res://assets/textures/pale.png" id="3_j1mj4"]
[ext_resource type="Texture2D" uid="uid://c053y3vtehklu" path="res://assets/textures/faces/face_grey_xl.png" id="4_t6pjq"]
[ext_resource type="Texture2D" uid="uid://doagxgjp7ssab" path="res://assets/textures/clothes/generic_female_pale.png" id="5_og6yj"]
[ext_resource type="AnimationLibrary" uid="uid://dwka0podvhgpc" path="res://Libraries/Humanoid/Locomotion-Library.res" id="6_477p7"]
[ext_resource type="AnimationLibrary" uid="uid://bo3lcnw82bah5" path="res://assets/animations/crouch_library.res" id="7_3ul4e"]

[sub_resource type="StandardMaterial3D" id="StandardMaterial3D_msy5d"]
albedo_texture = ExtResource("3_j1mj4")

[sub_resource type="StandardMaterial3D" id="StandardMaterial3D_dhbcu"]
albedo_texture = ExtResource("4_t6pjq")

[sub_resource type="StandardMaterial3D" id="StandardMaterial3D_80ghr"]
albedo_texture = ExtResource("5_og6yj")

[sub_resource type="CapsuleShape3D" id="CapsuleShape3D_3kv7r"]
radius = 0.0461721
height = 0.0923442

[sub_resource type="CapsuleShape3D" id="CapsuleShape3D_vaxgb"]
radius = 0.0365384
height = 0.0753569

[sub_resource type="CapsuleShape3D" id="CapsuleShape3D_3mutv"]
radius = 0.0438321
height = 0.102515

[sub_resource type="CapsuleShape3D" id="CapsuleShape3D_upwim"]
radius = 0.0173334
height = 0.0986217

[sub_resource type="CapsuleShape3D" id="CapsuleShape3D_6t1am"]
radius = 0.046393
height = 0.173005

[sub_resource type="CapsuleShape3D" id="CapsuleShape3D_ertqw"]
radius = 0.0447878
height = 0.183176

[sub_resource type="CapsuleShape3D" id="CapsuleShape3D_k6p34"]
radius = 0.0352686
height = 0.090551

[sub_resource type="CapsuleShape3D" id="CapsuleShape3D_4nrcn"]
radius = 0.0299661
height = 0.0696741

[sub_resource type="CapsuleShape3D" id="CapsuleShape3D_72wd7"]
radius = 0.0100898
height = 0.0374133

[sub_resource type="CapsuleShape3D" id="CapsuleShape3D_1u5ja"]
radius = 0.00703831
height = 0.0389255

[sub_resource type="CapsuleShape3D" id="CapsuleShape3D_drnrm"]
radius = 0.00644165
height = 0.0436182

[sub_resource type="CapsuleShape3D" id="CapsuleShape3D_0lodq"]
radius = 0.012474
height = 0.0423015

[sub_resource type="CapsuleShape3D" id="CapsuleShape3D_gbt4w"]
radius = 0.0118683
height = 0.0525833

[sub_resource type="CapsuleShape3D" id="CapsuleShape3D_rqsyc"]
radius = 0.0095948
height = 0.0605914

[sub_resource type="CapsuleShape3D" id="CapsuleShape3D_wp5rx"]
radius = 0.0105506
height = 0.0554607

[sub_resource type="CapsuleShape3D" id="CapsuleShape3D_7rryy"]
radius = 0.00961721
height = 0.0384158

[sub_resource type="CapsuleShape3D" id="CapsuleShape3D_7ixb1"]
radius = 0.0121542
height = 0.0630398

[sub_resource type="CapsuleShape3D" id="CapsuleShape3D_1nwqy"]
radius = 0.00939378
height = 0.0396689

[sub_resource type="CapsuleShape3D" id="CapsuleShape3D_p34iu"]
radius = 0.00973402
height = 0.032605

[sub_resource type="CapsuleShape3D" id="CapsuleShape3D_vxgga"]
radius = 0.0536763
height = 0.250861

[sub_resource type="CapsuleShape3D" id="CapsuleShape3D_6pv50"]
radius = 0.0512302
height = 0.294503

[sub_resource type="CapsuleShape3D" id="CapsuleShape3D_afy02"]
radius = 0.0440522
height = 0.0881045

[sub_resource type="Animation" id="Animation_v8vrt"]
length = 0.001
tracks/0/type = "value"
tracks/0/imported = false
tracks/0/enabled = true
tracks/0/path = NodePath("Akari:rotation")
tracks/0/interp = 1
tracks/0/loop_wrap = true
tracks/0/keys = {
"times": PackedFloat32Array(0),
"transitions": PackedFloat32Array(1),
"update": 0,
"values": [Vector3(0, 0, 0)]
}
tracks/1/type = "value"
tracks/1/imported = false
tracks/1/enabled = true
tracks/1/path = NodePath("Akari:position")
tracks/1/interp = 1
tracks/1/loop_wrap = true
tracks/1/keys = {
"times": PackedFloat32Array(0),
"transitions": PackedFloat32Array(1),
"update": 0,
"values": [Vector3(0, 0, 0)]
}

[sub_resource type="AnimationLibrary" id="AnimationLibrary_1rbr2"]
_data = {
"RESET": SubResource("Animation_v8vrt")
}

[node name="Female" instance=ExtResource("1_mq66y")]
script = ExtResource("2_tymfe")

[node name="GeneralSkeleton" parent="Akari" index="0"]
bones/0/position = Vector3(0, 0.580329, -0.0267357)
bones/0/rotation = Quaternion(1.49012e-08, 0, 0, 1)
bones/1/rotation = Quaternion(0, 0, 0, 1)
bones/2/rotation = Quaternion(-1.86265e-09, 0, 0, 1)
bones/3/rotation = Quaternion(1.86265e-09, 0, 0, 1)
bones/5/rotation = Quaternion(3.72529e-09, 0, 0, 1)
bones/7/rotation = Quaternion(0.5, 0.5, 0.5, -0.5)
bones/8/rotation = Quaternion(-0.000148967, 0.999986, 0.000252753, 0.00526106)
bones/8/scale = Vector3(1, 1, 1)
bones/9/rotation = Quaternion(8.51998e-05, -0.707109, 9.59473e-05, 0.707104)
bones/10/rotation = Quaternion(0.000198367, 0.710821, -0.000168816, 0.703373)
bones/10/scale = Vector3(1, 1, 1)
bones/12/rotation = Quaternion(5.96046e-08, -5.96046e-08, 0, 1)
bones/13/rotation = Quaternion(2.98023e-08, -1.49012e-08, 0, 1)
bones/14/rotation = Quaternion(1.49012e-08, 0, 0, 1)
bones/15/rotation = Quaternion(0.060003, 0.540625, 0.455768, 0.704556)
bones/16/rotation = Quaternion(-7.45058e-09, -3.72529e-08, 2.98023e-08, 1)
bones/17/rotation = Quaternion(2.6077e-08, -7.45058e-09, 0, 1)
bones/19/rotation = Quaternion(2.98023e-08, 2.98023e-08, 8.9407e-08, 1)
bones/20/rotation = Quaternion(2.98023e-08, -2.98023e-08, 2.98023e-08, 1)
bones/21/rotation = Quaternion(0, 0, 0, 1)
bones/22/rotation = Quaternion(0.201997, -0.0975284, -0.263005, 0.938357)
bones/23/rotation = Quaternion(0, 0, 5.96046e-08, 1)
bones/24/rotation = Quaternion(0, 0, 0, 1)
bones/25/rotation = Quaternion(0, 0, 0, 1)
bones/26/rotation = Quaternion(0.5, -0.5, -0.5, -0.5)
bones/27/rotation = Quaternion(0.000148967, 0.999986, 0.000252753, -0.00526106)
bones/27/scale = Vector3(1, 1, 1)
bones/28/rotation = Quaternion(8.51998e-05, 0.707109, -9.59473e-05, 0.707104)
bones/28/scale = Vector3(1, 1, 1)
bones/29/rotation = Quaternion(0.000198367, -0.710821, 0.000168816, 0.703373)
bones/29/scale = Vector3(1, 1, 1)
bones/31/rotation = Quaternion(5.96046e-08, 5.96046e-08, 0, 1)
bones/32/rotation = Quaternion(2.98023e-08, 1.49012e-08, 0, 1)
bones/33/rotation = Quaternion(1.49012e-08, 0, 0, 1)
bones/34/rotation = Quaternion(0.060003, -0.540625, -0.455768, 0.704556)
bones/35/rotation = Quaternion(-7.45058e-09, 3.72529e-08, -2.98023e-08, 1)
bones/36/rotation = Quaternion(2.6077e-08, 7.45058e-09, 0, 1)
bones/38/rotation = Quaternion(2.98023e-08, -2.98023e-08, -8.9407e-08, 1)
bones/39/rotation = Quaternion(2.98023e-08, 2.98023e-08, -2.98023e-08, 1)
bones/40/rotation = Quaternion(0, 0, 0, 1)
bones/41/rotation = Quaternion(0.100367, -0.0285301, 0.284275, 0.953048)
bones/42/rotation = Quaternion(0, 0, -5.96046e-08, 1)
bones/43/rotation = Quaternion(0, 0, 0, 1)
bones/44/rotation = Quaternion(0, 0, 0, 1)
bones/47/rotation = Quaternion(-0.0129291, 2.41995e-05, 0.999916, 0.000230728)
bones/48/rotation = Quaternion(1.09251e-07, 1, -6.18125e-05, -2.23576e-06)
bones/49/rotation = Quaternion(0.00930635, 0.70702, -0.707075, 0.00898139)
bones/50/rotation = Quaternion(-1.64636e-10, 1, 0, -1.64636e-10)
bones/52/rotation = Quaternion(0.0129291, 2.41995e-05, 0.999916, -0.000230728)
bones/53/rotation = Quaternion(-1.09251e-07, 1, -6.18125e-05, 2.23576e-06)
bones/54/rotation = Quaternion(-0.00930635, 0.70702, -0.707075, -0.00898139)
bones/55/rotation = Quaternion(1.64636e-10, 1, 0, 1.64636e-10)

[node name="Hair" parent="Akari/GeneralSkeleton" index="0"]
transform = Transform3D(1, 0, 0, 0, 1, -3.72529e-08, 0, 3.72529e-08, 1, -2.41328e-15, 0.945755, -0.00287098)
bone_name = "Head"
bone_idx = 5

[node name="Hair" parent="Akari/GeneralSkeleton/Hair" index="0"]
visible = false

[node name="Akari@GeneralSkeleton@BoneAttachment3D@long_hair" parent="Akari/GeneralSkeleton/Hair" index="1" instance=ExtResource("2_j4jdq")]
transform = Transform3D(0.98, 0, 0, 0, 0.98, 0, 0, 0, 0.98, 1.99694e-08, 0.30212, -5.14556e-08)

[node name="Base Mesh" parent="Akari/GeneralSkeleton" index="1"]
surface_material_override/0 = SubResource("StandardMaterial3D_msy5d")
surface_material_override/1 = SubResource("StandardMaterial3D_dhbcu")
surface_material_override/2 = SubResource("StandardMaterial3D_80ghr")
surface_material_override/3 = SubResource("StandardMaterial3D_80ghr")
surface_material_override/5 = SubResource("StandardMaterial3D_80ghr")
surface_material_override/6 = SubResource("StandardMaterial3D_80ghr")

[node name="Physical Bone Hips" type="PhysicalBone3D" parent="Akari/GeneralSkeleton" index="2"]
transform = Transform3D(-1, 0, 0, 0, 0.241128, -0.970493, 0, -0.970493, -0.241128, 0, 0.624273, -0.0158175)
joint_offset = Transform3D(1, 0, 0, 0, 1, 0, 0, 0, 1, 0, 4.65661e-08, 0.0452795)
body_offset = Transform3D(-1, 0, 0, 0, 0.241128, -0.970493, 0, -0.970493, -0.241128, 0, 0.0439435, 0.0109182)
bone_name = "Hips"

[node name="CollisionShape3D" type="CollisionShape3D" parent="Akari/GeneralSkeleton/Physical Bone Hips" index="0"]
transform = Transform3D(1, 0, 0, 0, -4.37114e-08, 1, 0, -1, -4.37114e-08, 0, 0, 0)
shape = SubResource("CapsuleShape3D_3kv7r")

[node name="Physical Bone Spine" type="PhysicalBone3D" parent="Akari/GeneralSkeleton" index="3"]
transform = Transform3D(-1, 0, 0, 0, 0.12811, -0.99176, 0, -0.99176, -0.12811, 0, 0.705584, -7.23782e-05)
joint_type = 1
joint_offset = Transform3D(1, 0, 0, 0, 1, 0, 0, 0, 1, 0, 2.70084e-08, 0.0376784)
body_offset = Transform3D(-1, 0, 0, 0, 0.12811, -0.99176, 0, -0.99176, -0.12811, 0, 0.0373679, 0.004827)
bone_name = "Spine"
joint_constraints/bias = 0.3
joint_constraints/damping = 1.0
joint_constraints/impulse_clamp = 0.0

[node name="CollisionShape3D" type="CollisionShape3D" parent="Akari/GeneralSkeleton/Physical Bone Spine" index="0"]
transform = Transform3D(1, 0, 0, 0, -4.37114e-08, 1, 0, -1, -4.37114e-08, 0, 0, 0)
shape = SubResource("CapsuleShape3D_vaxgb")

[node name="Physical Bone Chest" type="PhysicalBone3D" parent="Akari/GeneralSkeleton" index="4"]
transform = Transform3D(1, 0, 0, 0, 0.0318125, -0.999494, 0, 0.999494, 0.0318125, 0, 0.792601, 0.00317435)
joint_type = 1
joint_offset = Transform3D(1, 0, 0, 0, 1, 0, 0, 0, 1, 0, -1.11759e-08, 0.049674)
body_offset = Transform3D(1, 0, 0, 0, 0.0318125, -0.999494, 0, 0.999494, 0.0318125, 0, 0.0496488, -0.00158024)
bone_name = "Chest"
joint_constraints/bias = 0.3
joint_constraints/damping = 1.0
joint_constraints/impulse_clamp = 0.0

[node name="CollisionShape3D" type="CollisionShape3D" parent="Akari/GeneralSkeleton/Physical Bone Chest" index="0"]
transform = Transform3D(1, 0, 0, 0, -4.37114e-08, 1, 0, -1, -4.37114e-08, 0, 0, 0)
shape = SubResource("CapsuleShape3D_3mutv")

[node name="Physical Bone UpperChest" type="PhysicalBone3D" parent="Akari/GeneralSkeleton" index="5"]
transform = Transform3D(-1, 1.20594e-14, 1.51758e-16, 3.59429e-22, 0.0125832, -0.999921, -1.20604e-14, -0.999921, -0.0125832, -1.31524e-17, 0.92891, 0.00268464)
joint_type = 1
joint_offset = Transform3D(1, 0, 0, 0, 1, 0, 0, 0, 1, 1.79498e-22, 1.64146e-08, 0.0866668)
body_offset = Transform3D(-1, 1.20594e-14, 1.51758e-16, 9.34011e-28, 0.0125832, -0.999921, -1.20604e-14, -0.999921, -0.0125832, -1.31524e-17, 0.0866599, 0.00109056)
bone_name = "UpperChest"
joint_constraints/bias = 0.3
joint_constraints/damping = 1.0
joint_constraints/impulse_clamp = 0.0

[node name="CollisionShape3D" type="CollisionShape3D" parent="Akari/GeneralSkeleton/Physical Bone UpperChest" index="0"]
transform = Transform3D(1, 5.29396e-23, 0, 0, 0, 1, 0, -1, 0, -1.65436e-23, -0.000428634, 0.0340611)
shape = SubResource("CapsuleShape3D_upwim")

[node name="Physical Bone LeftShoulder" type="PhysicalBone3D" parent="Akari/GeneralSkeleton" index="6"]
transform = Transform3D(0, 0.291551, -0.956555, -0.982345, -0.178953, -0.0545436, -0.187081, 0.939667, 0.286404, 0.101775, 0.909244, 0.0168511)
joint_type = 1
joint_offset = Transform3D(1, 0, 0, 0, 1, 0, 0, 0, 1, -2.15322e-05, 0.000107697, 0.0954372)
body_offset = Transform3D(-0.187081, 0.939667, 0.286404, 0, 0.291551, -0.956555, -0.982345, -0.178953, -0.0545436, -0.0274388, 0.0912595, 0.0052036)
bone_name = "LeftShoulder"
joint_constraints/bias = 0.3
joint_constraints/damping = 1.0
joint_constraints/impulse_clamp = 0.0

[node name="CollisionShape3D" type="CollisionShape3D" parent="Akari/GeneralSkeleton/Physical Bone LeftShoulder" index="0"]
transform = Transform3D(1, -3.72529e-09, 0, 0, -2.98023e-08, 1, -3.72529e-09, -1, 0, 0, 0, 0)
shape = SubResource("CapsuleShape3D_6t1am")

[node name="Physical Bone LeftUpperArm" type="PhysicalBone3D" parent="Akari/GeneralSkeleton" index="7"]
transform = Transform3D(-4.31528e-06, 0.167067, -0.986288, 0.518651, 0.845574, 0.141105, 0.85506, -0.511651, -0.0855872, 0.283395, 0.897752, -0.00252124)
joint_type = 1
joint_offset = Transform3D(1, 0, 0, 0, 1, 0, 0, 0, 1, 0.00195427, 0.00316847, 0.0921529)
body_offset = Transform3D(-0.86047, 0.502677, 0.084389, 2.81143e-08, 0.167647, -0.986191, -0.509626, -0.850826, -0.142498, -0.00768781, 0.0903492, 0.0168234)
bone_name = "LeftUpperArm"
joint_constraints/bias = 0.3
joint_constraints/damping = 1.0
joint_constraints/impulse_clamp = 0.0

[node name="CollisionShape3D" type="CollisionShape3D" parent="Akari/GeneralSkeleton/Physical Bone LeftUpperArm" index="0"]
transform = Transform3D(1, 0, 0, 0, 0, 1, 0, -1, 0, 0, 0, 0)
shape = SubResource("CapsuleShape3D_ertqw")

[node name="Physical Bone LeftLowerArm" type="PhysicalBone3D" parent="Akari/GeneralSkeleton" index="8"]
transform = Transform3D(-5.5329e-05, 0.108067, -1.00006, 0.188982, 0.985453, 0.10689, 0.992792, -0.188044, -0.020468, 0.428152, 0.884038, 0.00643369)
joint_type = 1
joint_offset = Transform3D(1, 0, 0, 0, 1, 0, 0, 0, 1, -0.000233462, -0.00121729, 0.0543186)
body_offset = Transform3D(-0.178518, -0.987322, -0.107621, -9.74316e-07, 0.10859, -1, 0.994727, -0.177653, -0.0193805, 0.00460231, 0.0544508, 0.0010687)
bone_name = "LeftLowerArm"
joint_constraints/bias = 0.3
joint_constraints/damping = 1.0
joint_constraints/impulse_clamp = 0.0

[node name="CollisionShape3D" type="CollisionShape3D" parent="Akari/GeneralSkeleton/Physical Bone LeftLowerArm" index="0"]
transform = Transform3D(1, 0, 2.98023e-08, 1.49012e-08, -7.68341e-09, 1, 5.58794e-09, -1, -7.24103e-07, -5.51343e-07, -0.000779569, 0.00713277)
shape = SubResource("CapsuleShape3D_k6p34")

[node name="Physical Bone LeftHand" type="PhysicalBone3D" parent="Akari/GeneralSkeleton" index="9"]
transform = Transform3D(-2.71226e-06, 0.520509, -0.835319, 0.988544, 0.00256771, 0.00162259, 0.00308863, -0.861885, -0.531957, 0.496668, 0.888376, 0.0170829)
joint_type = 1
joint_offset = Transform3D(1, 0, 0, 0, 1, 0, 0, 0, 1, -0.0115831, 0.000630267, 0.0168431)
body_offset = Transform3D(-0.00308551, 0.861886, 0.531957, 3.45996e-08, 0.520509, -0.835319, -0.988545, -0.0025636, -0.00162327, -0.00953878, 0.0137413, -0.0114214)
bone_name = "LeftHand"
joint_constraints/bias = 0.3
joint_constraints/damping = 1.0
joint_constraints/impulse_clamp = 0.0

[node name="CollisionShape3D" type="CollisionShape3D" parent="Akari/GeneralSkeleton/Physical Bone LeftHand" index="0"]
transform = Transform3D(1, 0, 0, 0, 0, 1, 0, -1, 0, 0, 0, 0)
shape = SubResource("CapsuleShape3D_4nrcn")

[node name="Physical Bone palm01L" type="PhysicalBone3D" parent="Akari/GeneralSkeleton" index="10"]
transform = Transform3D(-2.66459e-06, 0.134489, -0.979071, 0.976389, 0.149605, 0.0210903, 0.155472, -0.978478, -0.134893, 0.542105, 0.88769, 0.030774)
joint_type = 1
joint_offset = Transform3D(1, 0, 0, 0, 1, 0, 0, 0, 1, -0.0114329, -0.00163827, 0.029121)
body_offset = Transform3D(-0.155469, 0.978479, 0.134893, 3.95262e-08, 0.13449, -0.979072, -0.97639, -0.149602, -0.0210926, -0.00410266, 0.0287319, -0.0107939)
bone_name = "palm.01.L"
joint_constraints/bias = 0.3
joint_constraints/damping = 1.0
joint_constraints/impulse_clamp = 0.0

[node name="CollisionShape3D" type="CollisionShape3D" parent="Akari/GeneralSkeleton/Physical Bone palm01L" index="0"]
transform = Transform3D(1.00002, -2.64496e-07, 1.00285e-05, 3.11434e-06, -2.39909e-06, 1, 4.32134e-07, -1.00002, -4.32134e-06, 0.00053817, -0.00266775, -0.00674874)
shape = SubResource("CapsuleShape3D_72wd7")

[node name="Physical Bone LeftIndexProximal" type="PhysicalBone3D" parent="Akari/GeneralSkeleton" index="11"]
transform = Transform3D(-2.27633e-06, 0.223245, -0.962652, 0.858375, 0.474857, 0.110307, 0.49336, -0.8473, -0.194599, 0.593286, 0.891046, 0.0390037)
joint_type = 1
joint_offset = Transform3D(1, 0, 0, 0, 1, 0, 0, 0, 1, -0.0156121, -0.00846214, 0.0177319)
body_offset = Transform3D(-0.493357, 0.847302, 0.1946, -2.23722e-08, 0.223246, -0.962652, -0.858377, -0.474854, -0.110309, -0.00398299, 0.0189588, -0.0154634)
bone_name = "LeftIndexProximal"
joint_constraints/bias = 0.3
joint_constraints/damping = 1.0
joint_constraints/impulse_clamp = 0.0

[node name="CollisionShape3D" type="CollisionShape3D" parent="Akari/GeneralSkeleton/Physical Bone LeftIndexProximal" index="0"]
transform = Transform3D(1.00004, -3.17395e-06, 2.02358e-05, 2.23815e-05, -2.44379e-06, 1.00001, 5.21541e-06, -1.00005, -8.64267e-06, -0.00964075, -0.00705683, 0.00393084)
shape = SubResource("CapsuleShape3D_1u5ja")

[node name="Physical Bone LeftIndexIntermediate" type="PhysicalBone3D" parent="Akari/GeneralSkeleton" index="12"]
transform = Transform3D(-2.47484e-06, 0.125299, -0.980303, 0.979067, 0.132735, 0.0172456, 0.137382, -0.98235, -0.125, 0.62305, 0.871048, 0.0440594)
joint_type = 1
joint_offset = Transform3D(1, 0, 0, 0, 1, 0, 0, 0, 1, 1.16036e-06, 5.46436e-06, 0.0110232)
body_offset = Transform3D(-0.137379, 0.982351, 0.125, 6.2714e-08, 0.1253, -0.980303, -0.979068, -0.132732, -0.0172478, -0.00138311, 0.0108054, 0.000191987)
bone_name = "LeftIndexIntermediate"
joint_constraints/bias = 0.3
joint_constraints/damping = 1.0
joint_constraints/impulse_clamp = 0.0

[node name="CollisionShape3D" type="CollisionShape3D" parent="Akari/GeneralSkeleton/Physical Bone LeftIndexIntermediate" index="0"]
transform = Transform3D(1.00006, 2.00048e-06, 1.43945e-05, 7.98702e-06, -6.86198e-06, 1, 1.02818e-06, -1.00006, -1.41859e-05, 4.17233e-07, 0.00103883, -0.00806952)
shape = SubResource("CapsuleShape3D_drnrm")

[node name="Physical Bone LeftThumbMetacarpal" type="PhysicalBone3D" parent="Akari/GeneralSkeleton" index="13"]
transform = Transform3D(0.345087, 0.891029, -0.289748, 0.813234, -0.128588, 0.566744, 0.46815, -0.430167, -0.770506, 0.545639, 0.870775, 0.0608008)
joint_type = 1
joint_offset = Transform3D(1, 0, 0, 0, 1, 0, 0, 0, 1, 6.17048e-06, 4.46546e-06, 0.0166468)
body_offset = Transform3D(0.819059, 0.539124, 0.195866, 1.07288e-06, 0.340528, -0.939918, -0.573709, 0.767954, 0.279627, -0.003268, 0.0156451, -0.00465479)
bone_name = "LeftThumbMetacarpal"
joint_constraints/bias = 0.3
joint_constraints/damping = 1.0
joint_constraints/impulse_clamp = 0.0

[node name="CollisionShape3D" type="CollisionShape3D" parent="Akari/GeneralSkeleton/Physical Bone LeftThumbMetacarpal" index="0"]
transform = Transform3D(1, 0, 1.49012e-08, 2.98023e-08, 0, 1, 0, -1, 0, 0, 0, 0)
shape = SubResource("CapsuleShape3D_0lodq")

[node name="Physical Bone LeftThumbProximal" type="PhysicalBone3D" parent="Akari/GeneralSkeleton" index="14"]
transform = Transform3D(-0.793758, 0.368067, -0.483535, -0.232044, 0.552406, 0.800232, 0.561718, 0.747367, -0.353058, 0.557088, 0.850389, 0.077373)
joint_type = 1
joint_offset = Transform3D(1, 0, 0, 0, 1, 0, 0, 0, 1, 0.000610835, 0.000813505, 0.0133092)
body_offset = Transform3D(-0.725349, 0.650875, 0.22394, -1.78814e-07, 0.325261, -0.945597, -0.688381, -0.685895, -0.235966, -0.0030669, 0.0123206, 0.00411899)
bone_name = "LeftThumbProximal"
joint_constraints/bias = 0.3
joint_constraints/damping = 1.0
joint_constraints/impulse_clamp = 0.0

[node name="CollisionShape3D" type="CollisionShape3D" parent="Akari/GeneralSkeleton/Physical Bone LeftThumbProximal" index="0"]
transform = Transform3D(1, -2.98023e-08, 1.19209e-07, 3.8743e-07, 1.49012e-07, 1, 2.38419e-07, -0.999999, 2.98023e-08, -0.000499547, -0.000326455, -0.0170622)
shape = SubResource("CapsuleShape3D_gbt4w")

[node name="Physical Bone palm02L" type="PhysicalBone3D" parent="Akari/GeneralSkeleton" index="15"]
transform = Transform3D(-1.26849e-06, 0.066773, -0.98622, 0.477787, 0.861848, 0.0591411, 0.875343, -0.48176, -0.0328744, 0.546309, 0.887965, 0.01017)
joint_type = 1
joint_offset = Transform3D(1, 0, 0, 0, 1, 0, 0, 0, 1, -0.0057011, -0.0100425, 0.0293659)
body_offset = Transform3D(-0.875341, 0.481763, 0.0328747, 7.69618e-09, 0.0667754, -0.98622, -0.47779, -0.861847, -0.0591437, -0.00111768, 0.0296319, -0.00964224)
bone_name = "palm.02.L"
joint_constraints/bias = 0.3
joint_constraints/damping = 1.0
joint_constraints/impulse_clamp = 0.0

[node name="CollisionShape3D" type="CollisionShape3D" parent="Akari/GeneralSkeleton/Physical Bone palm02L" index="0"]
transform = Transform3D(1, -2.64496e-07, 4.44055e-06, 3.8743e-06, 1.35973e-07, 1.00001, 2.62633e-07, -1.00001, -6.09085e-07, -0.00610498, -0.0110411, -0.000748903)
shape = SubResource("CapsuleShape3D_rqsyc")

[node name="Physical Bone LeftMiddleProximal" type="PhysicalBone3D" parent="Akari/GeneralSkeleton" index="16"]
transform = Transform3D(-1.74871e-06, 0.0814977, -0.985105, 0.60721, 0.767833, 0.0632623, 0.785659, -0.618108, -0.0513754, 0.596727, 0.863832, 0.0124532)
joint_type = 1
joint_offset = Transform3D(1, 0, 0, 0, 1, 0, 0, 0, 1, 0.00577417, 0.00790062, 0.0205495)
body_offset = Transform3D(-0.785657, 0.61811, 0.0513755, -3.30282e-09, 0.0814997, -0.985105, -0.607212, -0.767831, -0.0632648, -0.00140268, 0.0195995, 0.0108725)
bone_name = "LeftMiddleProximal"
joint_constraints/bias = 0.3
joint_constraints/damping = 1.0
joint_constraints/impulse_clamp = 0.0

[node name="CollisionShape3D" type="CollisionShape3D" parent="Akari/GeneralSkeleton/Physical Bone LeftMiddleProximal" index="0"]
transform = Transform3D(1, -5.02914e-07, 1.99676e-06, 2.5928e-06, -3.65078e-07, 1, 2.04891e-07, -1, -2.08616e-07, 0.00363839, 0.00460482, 0.000378251)
shape = SubResource("CapsuleShape3D_wp5rx")

[node name="Physical Bone LeftMiddleIntermediate" type="PhysicalBone3D" parent="Akari/GeneralSkeleton" index="17"]
transform = Transform3D(4.95098e-07, 0.0514572, -0.987224, -0.251797, 0.953542, 0.0497262, 0.966279, 0.253883, 0.013235, 0.642765, 0.863279, 0.0137332)
joint_type = 1
joint_offset = Transform3D(1, 0, 0, 0, 1, 0, 0, 0, 1, -0.00185547, 0.00713613, 0.0108741)
body_offset = Transform3D(-0.96628, -0.253881, -0.013235, -1.09478e-09, 0.0514597, -0.987224, 0.251794, -0.953542, -0.0497289, 0.000162745, 0.010368, 0.00781256)
bone_name = "LeftMiddleIntermediate"
joint_constraints/bias = 0.3
joint_constraints/damping = 1.0
joint_constraints/impulse_clamp = 0.0

[node name="CollisionShape3D" type="CollisionShape3D" parent="Akari/GeneralSkeleton/Physical Bone LeftMiddleIntermediate" index="0"]
transform = Transform3D(1, -1.00583e-07, -3.94881e-06, -7.39098e-06, 7.6252e-07, 1.00001, -3.81842e-07, -1.00002, 7.37607e-07, -0.000846505, 0.0033797, -0.00304133)
shape = SubResource("CapsuleShape3D_7rryy")

[node name="Physical Bone palm03L" type="PhysicalBone3D" parent="Akari/GeneralSkeleton" index="18"]
transform = Transform3D(-0.0254032, 0.724757, -0.688536, -0.747053, 0.443913, 0.494827, 0.66428, 0.526943, 0.530155, 0.536293, 0.862162, -0.023825)
joint_type = 1
joint_offset = Transform3D(1, 0, 0, 0, 1, 0, 0, 0, 1, -1.78814e-07, 3.0268e-08, 0.0315199)
body_offset = Transform3D(-0.488846, -0.864388, -0.117739, 4.47035e-07, 0.134964, -0.990851, 0.87237, -0.484374, -0.065976, 0.00371104, 0.0312315, 0.00207973)
bone_name = "palm.03.L"
joint_constraints/bias = 0.3
joint_constraints/damping = 1.0
joint_constraints/impulse_clamp = 0.0

[node name="CollisionShape3D" type="CollisionShape3D" parent="Akari/GeneralSkeleton/Physical Bone palm03L" index="0"]
transform = Transform3D(1, 4.17233e-07, -5.06639e-07, 2.98023e-08, -5.36442e-07, 1, 2.98023e-08, -1, 2.68221e-07, 0, 0, 0)
shape = SubResource("CapsuleShape3D_7ixb1")

[node name="Physical Bone LeftRingProximal" type="PhysicalBone3D" parent="Akari/GeneralSkeleton" index="19"]
transform = Transform3D(-0.143433, 0.662664, -0.735054, -0.829533, 0.324559, 0.454464, 0.539725, 0.674936, 0.503149, 0.572575, 0.837551, -0.0505154)
joint_type = 1
joint_offset = Transform3D(1, 0, 0, 0, 1, 0, 0, 0, 1, 9.0542e-08, -1.94414e-08, 0.0198347)
body_offset = Transform3D(-0.314652, -0.946834, -0.0670906, 7.00355e-07, 0.0706801, -0.997499, 0.949208, -0.313865, -0.0222391, 0.00133073, 0.0197851, 0.000441015)
bone_name = "LeftRingProximal"
joint_constraints/bias = 0.3
joint_constraints/damping = 1.0
joint_constraints/impulse_clamp = 0.0

[node name="CollisionShape3D" type="CollisionShape3D" parent="Akari/GeneralSkeleton/Physical Bone LeftRingProximal" index="0"]
transform = Transform3D(1, 0, 0, 0, 0, 1, 0, -1, 0, 0, 0, 0)
shape = SubResource("CapsuleShape3D_1nwqy")

[node name="Physical Bone LeftRingIntermediate" type="PhysicalBone3D" parent="Akari/GeneralSkeleton" index="20"]
transform = Transform3D(0.420348, 0.505578, -0.753458, -0.177236, 0.860136, 0.478282, 0.889885, -0.0675052, 0.451163, 0.593161, 0.824725, -0.0640924)
joint_type = 1
joint_offset = Transform3D(1, 0, 0, 0, 1, 0, 0, 0, 1, 7.34202e-07, -7.38568e-07, 0.00797233)
body_offset = Transform3D(-0.960279, -0.278625, -0.0153052, 2.68221e-07, 0.0548451, -0.998495, 0.279045, -0.958833, -0.0526664, 0.000122517, 0.00796038, 0.000418961)
bone_name = "LeftRingIntermediate"
joint_constraints/bias = 0.3
joint_constraints/damping = 1.0
joint_constraints/impulse_clamp = 0.0

[node name="CollisionShape3D" type="CollisionShape3D" parent="Akari/GeneralSkeleton/Physical Bone LeftRingIntermediate" index="0"]
transform = Transform3D(0.999999, 0, -1.49012e-08, 1.49012e-08, 3.1665e-08, 1, 2.08616e-07, -1, 1.08033e-07, 5.64642e-05, 0.0031476, -0.00563965)
shape = SubResource("CapsuleShape3D_p34iu")

[node name="Physical Bone RightShoulder" type="PhysicalBone3D" parent="Akari/GeneralSkeleton" index="21"]
transform = Transform3D(0, -0.291551, 0.956555, 0.982345, -0.178953, -0.0545436, 0.187081, 0.939667, 0.286404, -0.101775, 0.909244, 0.0168511)
joint_type = 1
joint_offset = Transform3D(1, 0, 0, 0, 1, 0, 0, 0, 1, 2.15322e-05, 0.000107697, 0.0954372)
body_offset = Transform3D(-0.187081, -0.939667, -0.286404, 0, 0.291551, -0.956555, 0.982345, -0.178953, -0.0545436, 0.0274388, 0.0912595, 0.0052036)
bone_name = "RightShoulder"
joint_constraints/bias = 0.3
joint_constraints/damping = 1.0
joint_constraints/impulse_clamp = 0.0

[node name="CollisionShape3D" type="CollisionShape3D" parent="Akari/GeneralSkeleton/Physical Bone RightShoulder" index="0"]
transform = Transform3D(1, 0, 0, 0, 0, 1, 0, -1, 0, 0, 0, 0)
shape = SubResource("CapsuleShape3D_6t1am")

[node name="Physical Bone RightUpperArm" type="PhysicalBone3D" parent="Akari/GeneralSkeleton" index="22"]
transform = Transform3D(-4.3808e-06, -0.167172, 0.994489, -0.518899, 0.843993, 0.142844, -0.855936, -0.511649, -0.0865328, -0.283395, 0.897752, -0.00252124)
joint_type = 1
joint_offset = Transform3D(1, 0, 0, 0, 1, 0, 0, 0, 1, -0.00194662, 0.00311858, 0.0913849)
body_offset = Transform3D(-0.861349, -0.502691, -0.0853187, 1.76078e-07, 0.167751, -0.994391, 0.509864, -0.849245, -0.144251, 0.00768781, 0.0903492, 0.0168234)
bone_name = "RightUpperArm"
joint_constraints/bias = 0.3
joint_constraints/damping = 1.0
joint_constraints/impulse_clamp = 0.0

[node name="CollisionShape3D" type="CollisionShape3D" parent="Akari/GeneralSkeleton/Physical Bone RightUpperArm" index="0"]
transform = Transform3D(1, 0, 0, 0, 0, 1, 0, -1, 0, 0, 0, 0)
shape = SubResource("CapsuleShape3D_ertqw")

[node name="Physical Bone RightLowerArm" type="PhysicalBone3D" parent="Akari/GeneralSkeleton" index="23"]
transform = Transform3D(-5.39573e-05, -0.108402, 1, -0.189184, 0.985896, 0.107144, -0.99432, -0.18818, -0.020492, -0.428307, 0.882829, 0.00643365)
joint_type = 1
joint_offset = Transform3D(1, 0, 0, 0, 1, 0, 0, 0, 1, 1.05218e-05, -7.79435e-05, 0.0545989)
body_offset = Transform3D(-0.178705, 0.987767, 0.107876, -4.35044e-07, 0.108925, -0.999944, -0.996257, -0.177785, -0.0194018, -0.00581104, 0.0546044, 0.00105594)
bone_name = "RightLowerArm"
joint_constraints/bias = 0.3
joint_constraints/damping = 1.0
joint_constraints/impulse_clamp = 0.0

[node name="CollisionShape3D" type="CollisionShape3D" parent="Akari/GeneralSkeleton/Physical Bone RightLowerArm" index="0"]
transform = Transform3D(1, 0, 0, 0, 0, 1, 0, -1, 0, 0, 0, 0)
shape = SubResource("CapsuleShape3D_k6p34")

[node name="Physical Bone RightHand" type="PhysicalBone3D" parent="Akari/GeneralSkeleton" index="24"]
transform = Transform3D(-2.77842e-06, -0.53196, 0.84677, -0.999996, 0.0026202, 0.00163355, -0.00308881, -0.861885, -0.531957, -0.496668, 0.888376, 0.0170828)
joint_type = 1
joint_offset = Transform3D(1, 0, 0, 0, 1, 0, 0, 0, 1, 0.0114507, 0.000728024, 0.0166854)
body_offset = Transform3D(-0.00308566, -0.861886, -0.531957, -2.67252e-10, 0.53196, -0.84677, 0.999996, -0.00261607, -0.00163426, 0.0095387, 0.0137414, -0.0114214)
bone_name = "RightHand"
joint_constraints/bias = 0.3
joint_constraints/damping = 1.0
joint_constraints/impulse_clamp = 0.0

[node name="CollisionShape3D" type="CollisionShape3D" parent="Akari/GeneralSkeleton/Physical Bone RightHand" index="0"]
transform = Transform3D(1, 0, 0, 0, 0, 1, 0, -1, 0, 0, 0, 0)
shape = SubResource("CapsuleShape3D_4nrcn")

[node name="Physical Bone palm01R" type="PhysicalBone3D" parent="Akari/GeneralSkeleton" index="25"]
transform = Transform3D(-2.73561e-06, -0.137354, 1, -0.987841, 0.150219, 0.021359, -0.155472, -0.978478, -0.132818, -0.542105, 0.88769, 0.0307739)
joint_type = 1
joint_offset = Transform3D(1, 0, 0, 0, 1, 0, 0, 0, 1, 0.0113189, -0.00147811, 0.0285289)
body_offset = Transform3D(-0.155469, -0.978479, -0.132818, -3.24061e-10, 0.137354, -1, 0.987841, -0.150216, -0.0213614, 0.00410258, 0.0287319, -0.0107939)
bone_name = "palm.01.R"
joint_constraints/bias = 0.3
joint_constraints/damping = 1.0
joint_constraints/impulse_clamp = 0.0

[node name="CollisionShape3D" type="CollisionShape3D" parent="Akari/GeneralSkeleton/Physical Bone palm01R" index="0"]
transform = Transform3D(1, -1.53091e-05, -0.000101134, -1.49012e-08, -0.000155434, 1.00002, 0, -0.999611, 2.19047e-06, 0.000404716, -6.23167e-05, -8.58307e-06)
shape = SubResource("CapsuleShape3D_72wd7")

[node name="Physical Bone RightIndexProximal" type="PhysicalBone3D" parent="Akari/GeneralSkeleton" index="26"]
transform = Transform3D(-2.34166e-06, -0.228968, 0.985554, -0.869826, 0.482048, 0.111745, -0.493358, -0.8373, -0.195981, -0.593286, 0.891046, 0.0390036)
joint_type = 1
joint_offset = Transform3D(1, 0, 0, 0, 1, 0, 0, 0, 1, 0.0153724, -0.00834951, 0.0172969)
body_offset = Transform3D(-0.493356, -0.837302, -0.195981, 5.7251e-08, 0.22897, -0.985554, 0.869828, -0.482045, -0.111747, 0.00398289, 0.0189588, -0.0154634)
bone_name = "RightIndexProximal"
joint_constraints/bias = 0.3
joint_constraints/damping = 1.0
joint_constraints/impulse_clamp = 0.0

[node name="CollisionShape3D" type="CollisionShape3D" parent="Akari/GeneralSkeleton/Physical Bone RightIndexProximal" index="0"]
transform = Transform3D(1, -9.68575e-08, 0.000261843, 3.27826e-07, -0.000118747, 1.00042, 2.98023e-08, -0.99949, 0.000231817, 0.010255, -0.00855082, 0.0109029)
shape = SubResource("CapsuleShape3D_1u5ja")

[node name="Physical Bone RightIndexIntermediate" type="PhysicalBone3D" parent="Akari/GeneralSkeleton" index="27"]
transform = Transform3D(-2.55301e-06, -0.128159, 1, -0.990518, 0.136249, 0.0176198, -0.137382, -0.98235, -0.125258, -0.62305, 0.871048, 0.0440594)
joint_type = 1
joint_offset = Transform3D(1, 0, 0, 0, 1, 0, 0, 0, 1, 2.51486e-06, 2.93481e-05, 0.0108091)
body_offset = Transform3D(-0.137379, -0.982351, -0.125258, -1.43118e-08, 0.128159, -1, 0.990519, -0.136246, -0.0176221, 0.00138311, 0.0108054, 0.000191987)
bone_name = "RightIndexIntermediate"
joint_constraints/bias = 0.3
joint_constraints/damping = 1.0
joint_constraints/impulse_clamp = 0.0

[node name="CollisionShape3D" type="CollisionShape3D" parent="Akari/GeneralSkeleton/Physical Bone RightIndexIntermediate" index="0"]
transform = Transform3D(1, -1.23903e-05, -1.49012e-08, 1.49012e-08, -0.000177741, 1, 0, -0.999545, 0, 0, 0, 0)
shape = SubResource("CapsuleShape3D_drnrm")

[node name="Physical Bone RightThumbMetacarpal" type="PhysicalBone3D" parent="Akari/GeneralSkeleton" index="28"]
transform = Transform3D(0.345092, -0.892395, 0.289748, -0.813245, -0.129778, 0.566744, -0.468156, -0.431212, -0.770507, -0.545644, 0.87078, 0.0608002)
joint_type = 1
joint_offset = Transform3D(1, 0, 0, 0, 1, 0, 0, 0, 1, -1.51806e-07, -8.61473e-08, 0.016645)
body_offset = Transform3D(0.81907, -0.539249, -0.195866, -8.34465e-07, 0.341402, -0.939919, 0.573716, 0.769853, 0.279627, 0.00326025, 0.0156449, -0.00465423)
bone_name = "RightThumbMetacarpal"
joint_constraints/bias = 0.3
joint_constraints/damping = 1.0
joint_constraints/impulse_clamp = 0.0

[node name="CollisionShape3D" type="CollisionShape3D" parent="Akari/GeneralSkeleton/Physical Bone RightThumbMetacarpal" index="0"]
transform = Transform3D(1, 0, 0, 0, 0, 1, 0, -1, 0, 0, 0, 0)
shape = SubResource("CapsuleShape3D_0lodq")

[node name="Physical Bone RightThumbProximal" type="PhysicalBone3D" parent="Akari/GeneralSkeleton" index="29"]
transform = Transform3D(-0.793758, -0.368068, 0.483539, 0.232044, 0.552408, 0.800238, -0.561718, 0.747368, -0.353059, -0.557088, 0.850389, 0.077373)
joint_type = 1
joint_offset = Transform3D(1, 0, 0, 0, 1, 0, 0, 0, 1, -0.0006112, 0.000813285, 0.0133093)
body_offset = Transform3D(-0.72535, -0.650877, -0.223942, -1.49012e-07, 0.325261, -0.945603, 0.688381, -0.685896, -0.235969, 0.00306654, 0.0123208, 0.00411916)
bone_name = "RightThumbProximal"
joint_constraints/bias = 0.3
joint_constraints/damping = 1.0
joint_constraints/impulse_clamp = 0.0

[node name="CollisionShape3D" type="CollisionShape3D" parent="Akari/GeneralSkeleton/Physical Bone RightThumbProximal" index="0"]
transform = Transform3D(1, 6.85453e-07, 0, 2.98023e-08, -4.17233e-07, 1, -2.98023e-08, -1, 0, 0.000523746, 0.00316572, -0.019121)
shape = SubResource("CapsuleShape3D_gbt4w")

[node name="Physical Bone palm02R" type="PhysicalBone3D" parent="Akari/GeneralSkeleton" index="30"]
transform = Transform3D(-1.29163e-06, -0.0682032, 1, -0.483513, 0.873299, 0.0597398, -0.875338, -0.482387, -0.0322625, -0.546309, 0.887965, 0.01017)
joint_type = 1
joint_offset = Transform3D(1, 0, 0, 0, 1, 0, 0, 0, 1, 0.00565915, -0.00988889, 0.0289574)
body_offset = Transform3D(-0.875336, -0.48239, -0.0322628, -4.73616e-10, 0.0682057, -1, 0.483516, -0.873298, -0.0597425, 0.00111761, 0.0296319, -0.00964224)
bone_name = "palm.02.R"
joint_constraints/bias = 0.3
joint_constraints/damping = 1.0
joint_constraints/impulse_clamp = 0.0

[node name="CollisionShape3D" type="CollisionShape3D" parent="Akari/GeneralSkeleton/Physical Bone palm02R" index="0"]
transform = Transform3D(1, -2.04891e-07, 0, -5.96046e-08, -1.17347e-07, 1, 3.72529e-09, -1, 1.30385e-08, 0.00384203, -0.00693983, -0.00047332)
shape = SubResource("CapsuleShape3D_rqsyc")

[node name="Physical Bone RightMiddleProximal" type="PhysicalBone3D" parent="Akari/GeneralSkeleton" index="31"]
transform = Transform3D(-1.78307e-06, -0.0843605, 1, -0.618661, 0.767833, 0.0650319, -0.785659, -0.618108, -0.0513052, -0.596727, 0.863819, 0.0124577)
joint_type = 1
joint_offset = Transform3D(1, 0, 0, 0, 1, 0, 0, 0, 1, -0.00571374, 0.00785729, 0.0202625)
body_offset = Transform3D(-0.785657, -0.61811, -0.0513053, 6.52309e-09, 0.0843625, -1, 0.618663, -0.767831, -0.0650345, 0.0014072, 0.0195997, 0.0108857)
bone_name = "RightMiddleProximal"
joint_constraints/bias = 0.3
joint_constraints/damping = 1.0
joint_constraints/impulse_clamp = 0.0

[node name="CollisionShape3D" type="CollisionShape3D" parent="Akari/GeneralSkeleton/Physical Bone RightMiddleProximal" index="0"]
transform = Transform3D(1, -2.23517e-08, -4.76837e-06, -2.98023e-08, -4.84288e-08, 1.00001, 2.6077e-08, -1, 1.49384e-06, -0.00386608, 0.00529295, -0.00439966)
shape = SubResource("CapsuleShape3D_wp5rx")

[node name="Physical Bone RightMiddleIntermediate" type="PhysicalBone3D" parent="Akari/GeneralSkeleton" index="32"]
transform = Transform3D(5.00814e-07, -0.0520807, 1, 0.257522, 0.964993, 0.0497206, -0.966273, 0.255347, 0.0131327, -0.642765, 0.864256, 0.0137342)
joint_type = 1
joint_offset = Transform3D(1, 0, 0, 0, 1, 0, 0, 0, 1, 0.00159211, 0.00610848, 0.0106861)
body_offset = Transform3D(-0.966274, 0.255344, 0.0131327, 1.06082e-08, 0.0520833, -1, -0.257519, -0.964993, -0.0497233, -0.000161693, 0.010368, 0.006836)
bone_name = "RightMiddleIntermediate"
joint_constraints/bias = 0.3
joint_constraints/damping = 1.0
joint_constraints/impulse_clamp = 0.0

[node name="CollisionShape3D" type="CollisionShape3D" parent="Akari/GeneralSkeleton/Physical Bone RightMiddleIntermediate" index="0"]
transform = Transform3D(1, 1.05239e-07, -2.98023e-08, 0, -1.72295e-08, 1, -7.45058e-09, -1, 4.42611e-07, 0.00107583, 0.00457591, -0.00976866)
shape = SubResource("CapsuleShape3D_7rryy")

[node name="Physical Bone palm03R" type="PhysicalBone3D" parent="Akari/GeneralSkeleton" index="33"]
transform = Transform3D(0.0810172, -0.674364, 0.733928, 0.90774, 0.353855, 0.2249, -0.411375, 0.648072, 0.640914, -0.537724, 0.870669, -0.0273162)
joint_type = 1
joint_offset = Transform3D(1, 0, 0, 0, 1, 0, 0, 0, 1, 5.55418e-07, 1.90688e-07, 0.03152)
body_offset = Transform3D(-0.488817, 0.864383, 0.117739, 4.04418e-05, 0.134956, -0.990851, -0.872264, -0.484362, -0.065976, -0.00371101, 0.0312316, 0.00208014)
bone_name = "palm.03.R"
joint_constraints/bias = 0.3
joint_constraints/damping = 1.0
joint_constraints/impulse_clamp = 0.0

[node name="CollisionShape3D" type="CollisionShape3D" parent="Akari/GeneralSkeleton/Physical Bone palm03R" index="0"]
transform = Transform3D(1, 0, 0, 0, 0, 1, 0, -1, 0, 0, 0, 0)
shape = SubResource("CapsuleShape3D_7ixb1")

[node name="Physical Bone RightRingProximal" type="PhysicalBone3D" parent="Akari/GeneralSkeleton" index="34"]
transform = Transform3D(-0.0282923, -0.630592, 0.775604, 0.963605, 0.189135, 0.188926, -0.265827, 0.752716, 0.602311, -0.576241, 0.859833, -0.0594639)
joint_type = 1
joint_offset = Transform3D(1, 0, 0, 0, 1, 0, 0, 0, 1, 8.16857e-07, -7.14062e-08, 0.0198343)
body_offset = Transform3D(-0.314652, 0.946834, 0.0671036, -2.08616e-07, 0.0706799, -0.997514, -0.949207, -0.313864, -0.022239, -0.00133063, 0.019785, 0.000441849)
bone_name = "RightRingProximal"
joint_constraints/bias = 0.3
joint_constraints/damping = 1.0
joint_constraints/impulse_clamp = 0.0

[node name="CollisionShape3D" type="CollisionShape3D" parent="Akari/GeneralSkeleton/Physical Bone RightRingProximal" index="0"]
transform = Transform3D(1, 0, 0, 0, 0, 1, 0, -1, 0, 0, 0, 0)
shape = SubResource("CapsuleShape3D_1nwqy")

[node name="Physical Bone RightRingIntermediate" type="PhysicalBone3D" parent="Akari/GeneralSkeleton" index="35"]
transform = Transform3D(0.456923, -0.393238, 0.797863, 0.379988, 0.897302, 0.224635, -0.804258, 0.200537, 0.559424, -0.597985, 0.854296, -0.0758698)
joint_type = 1
joint_offset = Transform3D(1, 0, 0, 0, 1, 0, 0, 0, 1, 5.86369e-08, 2.16532e-08, 0.0079724)
body_offset = Transform3D(-0.960278, 0.278624, 0.0153048, 3.8743e-07, 0.0548447, -0.998496, -0.279045, -0.958835, -0.0526664, -0.000121966, 0.00796041, 0.000419915)
bone_name = "RightRingIntermediate"
joint_constraints/bias = 0.3
joint_constraints/damping = 1.0
joint_constraints/impulse_clamp = 0.0

[node name="CollisionShape3D" type="CollisionShape3D" parent="Akari/GeneralSkeleton/Physical Bone RightRingIntermediate" index="0"]
transform = Transform3D(1, 0, -4.47035e-08, 1.49012e-08, 7.45058e-08, 1, 0, -1, 1.19209e-07, 0.000176169, -0.000928938, -0.00915408)
shape = SubResource("CapsuleShape3D_p34iu")

