// Game: Sunaba
// Format: Standard
// entity 0
{
"classname" "worldspawn"
// brush 0
{
( -64 -64 -16 ) ( -64 -63 -16 ) ( -64 -64 -15 ) __TB_empty 0 0 0 1 1
( -64 -64 -16 ) ( -64 -64 -15 ) ( -63 -64 -16 ) __TB_empty 0 0 0 1 1
( -64 -64 -16 ) ( -63 -64 -16 ) ( -64 -63 -16 ) __TB_empty 0 0 0 1 1
( 64 64 16 ) ( 64 65 16 ) ( 65 64 16 ) __TB_empty 0 0 0 1 1
( 64 64 16 ) ( 65 64 16 ) ( 64 64 17 ) __TB_empty 0 0 0 1 1
( 64 64 16 ) ( 64 64 17 ) ( 64 65 16 ) __TB_empty 0 0 0 1 1
}
// brush 1
{
( -64 48 16 ) ( -64 49 16 ) ( -64 48 17 ) __TB_empty 0 0 0 1 1
( -64 48 16 ) ( -64 48 17 ) ( -63 48 16 ) __TB_empty 0 0 0 1 1
( -64 48 16 ) ( -63 48 16 ) ( -64 49 16 ) __TB_empty 0 0 0 1 1
( -48 64 128 ) ( -48 65 128 ) ( -47 64 128 ) __TB_empty 0 0 0 1 1
( -48 64 32 ) ( -47 64 32 ) ( -48 64 33 ) __TB_empty 0 0 0 1 1
( -48 64 32 ) ( -48 64 33 ) ( -48 65 32 ) __TB_empty 0 0 0 1 1
}
// brush 2
{
( 48 48 16 ) ( 48 49 16 ) ( 48 48 17 ) __TB_empty 0 0 0 1 1
( 48 48 16 ) ( 48 48 17 ) ( 49 48 16 ) __TB_empty 0 0 0 1 1
( 48 48 16 ) ( 49 48 16 ) ( 48 49 16 ) __TB_empty 0 0 0 1 1
( 64 64 128 ) ( 64 65 128 ) ( 65 64 128 ) __TB_empty 0 0 0 1 1
( 64 64 32 ) ( 65 64 32 ) ( 64 64 33 ) __TB_empty 0 0 0 1 1
( 64 64 32 ) ( 64 64 33 ) ( 64 65 32 ) __TB_empty 0 0 0 1 1
}
// brush 3
{
( -64 -64 16 ) ( -64 -63 16 ) ( -64 -64 17 ) __TB_empty 0 0 0 1 1
( -64 -64 16 ) ( -64 -64 17 ) ( -63 -64 16 ) __TB_empty 0 0 0 1 1
( -64 -64 16 ) ( -63 -64 16 ) ( -64 -63 16 ) __TB_empty 0 0 0 1 1
( -48 -48 128 ) ( -48 -47 128 ) ( -47 -48 128 ) __TB_empty 0 0 0 1 1
( -48 -48 32 ) ( -47 -48 32 ) ( -48 -48 33 ) __TB_empty 0 0 0 1 1
( -48 -48 32 ) ( -48 -48 33 ) ( -48 -47 32 ) __TB_empty 0 0 0 1 1
}
// brush 4
{
( 48 -64 16 ) ( 48 -63 16 ) ( 48 -64 17 ) __TB_empty 0 0 0 1 1
( 48 -64 16 ) ( 48 -64 17 ) ( 49 -64 16 ) __TB_empty 0 0 0 1 1
( 48 -64 16 ) ( 49 -64 16 ) ( 48 -63 16 ) __TB_empty 0 0 0 1 1
( 64 -48 128 ) ( 64 -47 128 ) ( 65 -48 128 ) __TB_empty 0 0 0 1 1
( 64 -48 32 ) ( 65 -48 32 ) ( 64 -48 33 ) __TB_empty 0 0 0 1 1
( 64 -48 32 ) ( 64 -48 33 ) ( 64 -47 32 ) __TB_empty 0 0 0 1 1
}
// brush 5
{
( -64 -64 128 ) ( -64 -63 128 ) ( -64 -64 129 ) __TB_empty 0 0 0 1 1
( -64 -64 128 ) ( -64 -64 129 ) ( -63 -64 128 ) __TB_empty 0 0 0 1 1
( -64 -64 128 ) ( -63 -64 128 ) ( -64 -63 128 ) __TB_empty 0 0 0 1 1
( 64 64 144 ) ( 64 65 144 ) ( 65 64 144 ) __TB_empty 0 0 0 1 1
( 64 64 144 ) ( 65 64 144 ) ( 64 64 145 ) __TB_empty 0 0 0 1 1
( 64 64 144 ) ( 64 64 145 ) ( 64 65 144 ) __TB_empty 0 0 0 1 1
}
}
// entity 1
{
"classname" "light"
"origin" "-8 8 120"
}
